14 3 6 40
1 5 4
2 0 3
0 3 3
2 3 0
0 4 1
0 5 3
0 0 0
1 3 1
4 1 2
0 3 4
5 5 1
2 3 0
5 0 1
3 0 3
10 10 0 0 0
3 4 3 0 0
4 4 4 3 0
8 9 5 0 4
5 5 0 4 4
13 14 1 2 2
6 7 5 2 0
2 10 0 3 0
14 14 1 0 0
10 10 5 2 5
5 6 1 4 3
8 9 5 2 5
9 9 4 4 2
10 11 3 1 5
11 11 3 3 4
9 9 5 3 2
9 9 0 3 0
10 11 3 1 5
10 12 0 3 4
9 12 0 0 0
12 12 5 0 1
5 6 3 0 1
6 6 0 0 1
5 5 5 0 4
8 8 1 3 1
9 11 0 3 2
1 1 3 4 4
2 3 0 0 0
6 6 0 5 3
4 5 0 4 4
11 13 2 0 0
7 8 3 3 0
14 14 3 0 3
12 13 5 0 1
7 8 4 4 5
2 4 2 0 0
13 13 5 0 1
1 1 2 4 0
1 1 5 1 2
1 11 4 1 4
