30 4 12 60
0 0 0 0
0 0 0 0
3 10 8 9
9 6 10 1
0 9 4 1
0 9 8 5
0 0 0 0
0 0 0 0
9 5 2 4
5 4 6 11
6 11 4 9
1 9 8 10
0 0 0 0
0 0 0 0
2 10 10 6
2 3 4 5
7 3 7 9
2 2 0 0
0 0 0 0
0 0 0 0
0 9 3 0
11 5 11 11
5 11 7 7
3 9 7 7
0 0 0 0
0 0 0 0
8 5 11 8
5 10 8 7
9 7 8 0
10 6 6 2
24 24 0 0 0 0
5 5 1 1 1 8
7 7 11 1 4 1
1 6 3 3 6 0
23 23 8 3 8 4
28 29 6 5 5 5
13 20 8 0 2 7
1 10 10 1 10 2
11 11 1 1 4 11
8 9 0 8 8 4
3 9 8 2 5 0
1 1 9 5 5 8
6 6 6 10 5 10
6 6 2 0 3 2
1 7 6 0 8 2
9 23 9 1 8 7
1 1 0 0 0 0
23 25 5 2 1 5
3 10 0 0 0 0
3 5 0 5 4 9
8 8 0 0 0 0
10 11 2 6 11 4
5 6 0 9 4 1
14 18 8 3 6 2
8 8 0 0 0 0
22 22 1 7 1 1
4 9 3 10 2 3
2 13 3 1 2 6
9 9 11 6 3 5
13 13 0 0 0 0
12 12 5 11 1 2
13 25 11 1 6 3
3 3 6 8 4 6
8 11 3 4 10 5
12 18 3 3 7 1
12 12 6 6 11 0
7 7 0 0 0 0
7 7 2 7 8 2
1 1 1 11 2 7
9 10 3 3 6 0
11 11 6 9 0 3
19 19 3 6 6 4
23 28 10 3 5 10
6 17 3 4 2 10
20 20 0 1 7 9
19 21 5 5 5 0
17 19 8 0 8 0
8 8 0 0 0 0
18 18 8 4 5 2
11 14 7 6 10 4
6 6 5 5 9 4
1 11 0 6 0 6
16 16 10 9 8 7
17 19 4 0 4 0
23 30 0 8 2 11
2 2 0 0 0 0
27 27 4 0 2 11
10 11 1 6 4 4
7 8 0 0 0 0
2 3 0 0 0 0
